0	arc_de_triomphe	1947	111069	2536542
1	big_ben	1964	99523	1481399
2	casa_loma	1437	131607	1566785
3	castel_santangelo	1633	86141	1412573
4	charlottenburg_palace	1658	48153	987225
5	colosseum	1955	170748	2587754
6	dresden_frauenkirche	1867	120612	3496332
7	eiffel_tower	1653	29451	580838
8	independence_hall	1601	68826	1303908
9	leaning_tower_of_pisa	1950	129050	2163515
10	milan_cathedral	1476	130758	3359655
11	notre_dame_cathedral	1985	156414	5078733
12	pantheon	1867	84306	3175725
13	reichstag	1405	80588	1411107
14	sacre_coeur_basilica	1971	97487	2335529
15	savior_on_blood_church	1946	179432	3017436
16	st_basil_cathedral	1944	94773	1632569
17	st_louis_cathedral	1910	32369	774309
18	st_paul_cathedral	1854	79161	1123311
19	statue_of_liberty	1973	41796	821114
20	stephansdom	1733	223602	4348187
21	taj_mahal	1964	56814	1115314
22	trevi_fountain	1941	164874	4481113
23	tyn_church	1910	102255	2974804
24	westminster_abbey	1636	176448	4612407
